classes_20 <- list(
  c(0, 5),     # Clase 1
  c(1, 6),     # Clase 2
  c(10, 15),   # Clase 3
  c(11, 16),   # Clase 4
  c(20, 25),   # Clase 5
  c(21, 26),   # Clase 6
  c(30, 35),   # Clase 7
  c(31, 36),   # Clase 8
  c(40, 45),   # Clase 9
  c(50, 55),   # Clase 10
  c(60, 65),   # Clase 11
  c(61, 66),   # Clase 12
  c(70, 75),   # Clase 13
  c(80, 85),   # Clase 14
  c(90, 95),   # Clase 15
  c(91, 96),   # Clase 16
  c(100, 105), # Clase 17
  c(101, 106), # Clase 18
  c(110, 115), # Clase 19
  c(120, 125)  # Clase 20
)
